0 96684
1 95851
2 95602
3 95454
4 95350
5 95273
6 95211
7 95153
8 95104
9 95062
10 95021
11 94979
12 94936
13 94896
14 94856
15 94814
16 94767
17 94714
18 94662
19 94611
20 94553
21 94495
22 94430
23 94357
24 94281
25 94197
26 94105
27 94005
28 93901
29 93797
30 93684
31 93575
32 93470
33 93358
34 93234
35 93091
36 92938
37 92780
38 92608
39 92436
40 92245
41 92037
42 91827
43 91597
44 91356
45 91086
46 90806
47 90508
48 90184
49 89847
50 89458
51 89046
52 88618
53 88144
54 87641
55 87112
56 86541
57 85917
58 85210
59 84441
60 83569
61 82651
62 81664
63 80548
64 79367
65 78029
66 76557
67 74931
68 73086
69 71194
70 69074
71 66815
72 64401
73 61601
74 58673
75 55586
76 52334
77 49001
78 45299
79 41523
80 37738
81 34182
82 30783
83 27257
84 23811
85 20402
86 17283
87 14451
88 11946
89 9750
90 7711
91 6112
92 4900
93 3788
94 2870
95 2086
96 1483
97 1030
98 699
99 462
100 298
101 187
102 115
103 69
104 40
105 23
106 12
107 7
108 3
109 2
110 2
